"110年10月 2534 宏盛             各日成交資訊"
"日期","成交股數","成交金額","開盤價","最高價","最低價","收盤價","漲跌價差","成交筆數",
"110/10/01","1,194,270","26,401,443","22.30","22.30","21.90","22.20","-0.15","576",
"110/10/04","2,468,312","55,441,814","22.20","22.65","22.20","22.55","+0.35","1,447",
"110/10/05","3,447,701","76,312,287","22.60","22.60","21.85","22.35","-0.20","944",
"110/10/06","1,624,410","35,750,491","22.35","22.35","21.85","22.05","-0.30","586",
"110/10/07","1,094,565","24,404,369","22.05","22.45","22.00","22.40","+0.35","525",
"110/10/08","2,627,025","60,318,542","22.40","23.25","22.40","23.10","+0.70","1,399",
"110/10/12","849,790","19,475,483","23.10","23.10","22.70","23.05","-0.05","584",
"110/10/13","871,292","20,052,744","23.25","23.25","22.80","23.00","-0.05","614",
"110/10/14","810,339","18,545,470","23.00","23.10","22.75","22.95","-0.05","441",
"說明:"
"符號說明:+/-/X表示漲/跌/不比價"
"當日統計資訊含一般、零股、盤後定價、鉅額交易，不含拍賣、標購。"
"ETF證券代號第六碼為K、M、S、C者，表示該ETF以外幣交易。"