"110年10月 8046 南電             各日成交資訊"
"日期","成交股數","成交金額","開盤價","最高價","最低價","收盤價","漲跌價差","成交筆數",
"110/10/01","7,448,659","3,187,803,641","430.00","438.50","415.00","423.00","-12.00","6,262",
"110/10/04","7,547,237","3,138,519,029","433.50","435.50","401.50","401.50","-21.50","6,485",
"110/10/05","11,868,532","4,884,515,819","392.00","426.50","389.00","425.00","+23.50","9,241",
"110/10/06","7,062,718","2,943,045,578","428.00","432.00","406.00","407.00","-18.00","6,183",
"110/10/07","9,162,863","3,945,315,765","418.00","442.00","418.00","431.00","+24.00","7,719",
"110/10/08","7,892,957","3,415,647,321","434.50","443.00","423.00","430.00","-1.00","6,468",
"110/10/12","5,498,682","2,335,746,927","424.00","436.50","418.00","418.50","-11.50","4,498",
"110/10/13","9,321,629","3,763,919,570","423.50","426.00","392.00","393.00","-25.50","8,340",
"110/10/14","8,577,082","3,411,528,389","401.50","409.50","388.50","392.50","-0.50","6,897",
"說明:"
"符號說明:+/-/X表示漲/跌/不比價"
"當日統計資訊含一般、零股、盤後定價、鉅額交易，不含拍賣、標購。"
"ETF證券代號第六碼為K、M、S、C者，表示該ETF以外幣交易。"